text_embeddings[0]: torch.Size([753, 2048])
text_embeddings[0]: tensor([[ 0.0034,  0.0004,  0.0066,  ..., -0.0004,  0.0025, -0.0045],
        [ 0.0238,  0.0049,  0.0117,  ...,  0.0008, -0.0113, -0.0325],
        [ 0.0322, -0.0291, -0.0115,  ...,  0.0227, -0.0386,  0.0630],
        ...,
        [ 0.0100,  0.0018,  0.0017,  ...,  0.0044,  0.0045, -0.0013],
        [ 0.0100,  0.0018,  0.0017,  ...,  0.0044,  0.0045, -0.0013],
        [ 0.0100,  0.0018,  0.0017,  ...,  0.0044,  0.0045, -0.0013]],
       device='cuda:0', grad_fn=<SelectBackward0>)

text_embeddings[1]: torch.Size([753, 2048])
text_embeddings[1]: tensor([[ 0.0034,  0.0004,  0.0066,  ..., -0.0004,  0.0025, -0.0045],
        [ 0.0238,  0.0049,  0.0117,  ...,  0.0008, -0.0113, -0.0325],
        [ 0.0322, -0.0291, -0.0115,  ...,  0.0227, -0.0386,  0.0630],
        ...,
        [ 0.0100,  0.0018,  0.0017,  ...,  0.0044,  0.0045, -0.0013],
        [ 0.0100,  0.0018,  0.0017,  ...,  0.0044,  0.0045, -0.0013],
        [ 0.0100,  0.0018,  0.0017,  ...,  0.0044,  0.0045, -0.0013]],
       device='cuda:0', grad_fn=<SelectBackward0>)

text_embeddings[2]: torch.Size([753, 2048])
text_embeddings[2]: tensor([[ 0.0034,  0.0004,  0.0066,  ..., -0.0004,  0.0025, -0.0045],
        [ 0.0238,  0.0049,  0.0117,  ...,  0.0008, -0.0113, -0.0325],
        [ 0.0322, -0.0291, -0.0115,  ...,  0.0227, -0.0386,  0.0630],
        ...,
        [ 0.0100,  0.0018,  0.0017,  ...,  0.0044,  0.0045, -0.0013],
        [ 0.0100,  0.0018,  0.0017,  ...,  0.0044,  0.0045, -0.0013],
        [ 0.0100,  0.0018,  0.0017,  ...,  0.0044,  0.0045, -0.0013]],
       device='cuda:0', grad_fn=<SelectBackward0>)

text_embeddings[3]: torch.Size([753, 2048])
text_embeddings[3]: tensor([[ 0.0034,  0.0004,  0.0066,  ..., -0.0004,  0.0025, -0.0045],
        [ 0.0238,  0.0049,  0.0117,  ...,  0.0008, -0.0113, -0.0325],
        [ 0.0322, -0.0291, -0.0115,  ...,  0.0227, -0.0386,  0.0630],
        ...,
        [ 0.0034,  0.0004,  0.0066,  ..., -0.0004,  0.0025, -0.0045],
        [-0.0513, -0.0048,  0.0393,  ..., -0.0082,  0.0219,  0.0320],
        [ 0.0322, -0.0291, -0.0115,  ...,  0.0227, -0.0386,  0.0630]],
       device='cuda:0', grad_fn=<SelectBackward0>)

text_embeddings[4]: torch.Size([753, 2048])
text_embeddings[4]: tensor([[ 0.0034,  0.0004,  0.0066,  ..., -0.0004,  0.0025, -0.0045],
        [ 0.0238,  0.0049,  0.0117,  ...,  0.0008, -0.0113, -0.0325],
        [ 0.0322, -0.0291, -0.0115,  ...,  0.0227, -0.0386,  0.0630],
        ...,
        [ 0.0100,  0.0018,  0.0017,  ...,  0.0044,  0.0045, -0.0013],
        [ 0.0100,  0.0018,  0.0017,  ...,  0.0044,  0.0045, -0.0013],
        [ 0.0100,  0.0018,  0.0017,  ...,  0.0044,  0.0045, -0.0013]],
       device='cuda:0', grad_fn=<SelectBackward0>)

text_embeddings[5]: torch.Size([753, 2048])
text_embeddings[5]: tensor([[ 0.0034,  0.0004,  0.0066,  ..., -0.0004,  0.0025, -0.0045],
        [ 0.0238,  0.0049,  0.0117,  ...,  0.0008, -0.0113, -0.0325],
        [ 0.0322, -0.0291, -0.0115,  ...,  0.0227, -0.0386,  0.0630],
        ...,
        [ 0.0100,  0.0018,  0.0017,  ...,  0.0044,  0.0045, -0.0013],
        [ 0.0100,  0.0018,  0.0017,  ...,  0.0044,  0.0045, -0.0013],
        [ 0.0100,  0.0018,  0.0017,  ...,  0.0044,  0.0045, -0.0013]],
       device='cuda:0', grad_fn=<SelectBackward0>)

text_embeddings[6]: torch.Size([753, 2048])
text_embeddings[6]: tensor([[ 0.0034,  0.0004,  0.0066,  ..., -0.0004,  0.0025, -0.0045],
        [ 0.0238,  0.0049,  0.0117,  ...,  0.0008, -0.0113, -0.0325],
        [ 0.0322, -0.0291, -0.0115,  ...,  0.0227, -0.0386,  0.0630],
        ...,
        [ 0.0100,  0.0018,  0.0017,  ...,  0.0044,  0.0045, -0.0013],
        [ 0.0100,  0.0018,  0.0017,  ...,  0.0044,  0.0045, -0.0013],
        [ 0.0100,  0.0018,  0.0017,  ...,  0.0044,  0.0045, -0.0013]],
       device='cuda:0', grad_fn=<SelectBackward0>)

text_embeddings[7]: torch.Size([753, 2048])
text_embeddings[7]: tensor([[ 0.0034,  0.0004,  0.0066,  ..., -0.0004,  0.0025, -0.0045],
        [ 0.0238,  0.0049,  0.0117,  ...,  0.0008, -0.0113, -0.0325],
        [ 0.0322, -0.0291, -0.0115,  ...,  0.0227, -0.0386,  0.0630],
        ...,
        [ 0.0100,  0.0018,  0.0017,  ...,  0.0044,  0.0045, -0.0013],
        [ 0.0100,  0.0018,  0.0017,  ...,  0.0044,  0.0045, -0.0013],
        [ 0.0100,  0.0018,  0.0017,  ...,  0.0044,  0.0045, -0.0013]],
       device='cuda:0', grad_fn=<SelectBackward0>)

